9302
7550
5456
9359
5299
6930
7776
467
2136
747
7447
596
7035
8409
9739
7302
1582
2242
5684
2373
5914
757
6088
8201
5488
44
6838
658
6828
4168
6437
2473
8178
9708
2063
5146
4815
2195
2718
5021
5655
8819
7944
6890
7380
1342
3614
228
9502
1384
4605
4658
5113
2499
4491
8104
8324
6074
3352
7017
4556
1309
7024
196
9974
7053
7526
9244
5642
3392
2178
5866
7547
5766
549
1633
9086
6607
1164
5195
2579
3700
3844
5186
2820
9065
6377
1655
117
888
3986
8366
4574
428
908
3932
7926
6715
5979
4964
3882
8128
1697
2532
97
9402
3686
9292
4067
6014
6359
5074
5572
7587
5342
5277
468
2314
1591
7149
297
1439
4973
6532
3535
3025
9666
7330
9676
3047
9191
2127
7597
1016
8777
8628
2615
3077
1089
5481
2934
7748
672
4611
7667
1774
1025
7239
1666
4427
4294
6394
8049
1327
7950
9512
6503
1549
5639
129
1560
371
5637
889
728
5727
980
8405
6673
6695
1545
537
9990
8783
7995
8883
2462
6478
7212
9416
5002
7085
6549
4223
3850
6026
5907
844
1718
7437
8950
7675
8268
3676
8383
1037
7318
5987
6600
2167
7383
1933
8117
3103
2502
7171
499
7194
8143
9674
9753
8090
4979
2582
5168
3683
4402
5473
1931
2945
4791
5665
1378
2406
9832
8131
1746
4806
2601
8903
3787
3918
5981
4808
5451
6964
6852
5103
3673
2787
2030
9131
8979
5352
9251
6304
5605
5589
3122
6545
4516
1783
7303
6250
730
3995
7430
2749
6344
7917
7026
6352
2910
7920
5052
5475
3026
4994
4600
903
4109
4985
2777
6697
8918
1432
6030
8668
4749
1966
6745
7879
5673
9539
7289
2868
7164
8568
6998
3504
2343
2955
6602
9670
7710
5242
5656
819
8976
404
5251
9724
4578
6158
8765
9642
1764
9394
8095
1548
6535
6214
4058
6462
7
4437
956
1763
2384
7760
7241
1246
7986
5622
4824
7929
409
4503
5224
5398
6512
6025
5882
246
2521
6197
2966
3875
9326
1417
474
4825
9225
6320
4434
2435
7810
4740
8171
8000
5611
4167
7621
1184
7175
8075
7614
6962
557
540
5877
1193
1349
5282
8195
7840
438
7924
9646
4601
2552
3422
1243
9066
3209
4861
2636
5129
1015
2774
9146
7935
9887
5703
3487
330
2769
9566
3729
2075
9523
2084
2101
6277
2514
1891
6109
7368
924
6919
5741
4022
2320
4431
7327
4768
3054
4303
947
4273
4493
1846
7909
638
4949
3783
7572
2201
7973
8540
2624
1665
5018
6227
5501
4792
7416
1215
1600
4604
6398
5069
9780
2997
7120
5256
3557
2094
1983
7419
9045
879
7260
4050
3072
3456
8970
4748
6804
4559
5876
6429
6889
9358
3270
6843
3950
481
363
1380
24
1426
1226
6628
1160
3720
3329
8527
4509
7946
8680
5781
3996
6329
3146
9090
9828
2067
9943
1625
4116
9406
7281
2138
7578
5134
6573
1800
9560
8718
5104
2775
3369
8837
2658
3698
7209
4737
2264
4397
1962
1883
4818
6650
8322
1023
1681
3040
6229
9615
2622
5392
222
8974
977
7389
2943
547
8725
1761
5201
6594
2251
2563
1214
2875
2427
9618
6239
5652
1296
1317
6574
758
3394
563
4489
9050
7704
3913
2515
9107
6965
2352
6974
8338
2704
7809
2100
7866
1147
9904
6876
7037
5980
6145
3835
1209
8821
938
6547
1952
8458
8037
3912
9038
982
8726
4564
8069
2139
5521
6648
5815
4363
3214
4075
7726
115
4802
689
4984
8231
573
1568
928
3400
6353
4141
1427
3694
5730
5740
4650
3287
7451
9288
3547
9559
1847
3599
4426
633
9678
6002
1780
2312
4840
2135
1661
2646
3235
8687
3448
652
3903
9866
7378
532
2132
3027
4151
7881
8857
1266
7833
9064
8454
1114
8822
2767
9531
1875
1155
628
6539
3672
429
7296
9888
3743
6321
364
6474
8505
4779
9535
5259
276
9716
1102
518
9493
5446
4325
1944
3696
5178
8308
1032
2538
2784
8812
354
5617
8347
3629
1490
2240
9140
6186
7022
9546
843
3792
3873
324
7040
220
6887
3113
8888
4663
7167
8158
7293
6874
3623
4205
1668
6895
845
9477
2674
6336
2597
9448
920
7188
5869
5270
49
5321
5530
831
3501
4372
3545
6668
3890
3709
3697
5522
7499
9827
5649
2401
7363
6210
8331
7080
9919
3082
1651
884
5503
2517
4239
3749
7058
8497
8414
3764
7307
528
2394
2322
1700
2850
2797
3830
7319
2437
815
2291
9577
9794
4361
1724
6642
4510
9519
9848
4794
1887
1507
3091
987
8412
2853
6638
7688
5544
8417
3917
1068
3964
3332
9386
1794
9212
81
2158
9055
6333
4145
8501
6959
2902
7213
7474
9148
7110
5176
7670
5543
4694
1353
493
5172
2126
8719
6337
9775
7133
7774
964
1315
2653
2798
3569
1861
3799
1851
7061
6868
3237
2507
9787
8984
684
1060
6750
1953
643
362
9443
457
3841
2980
1466
6846
5027
1379
9599
4158
6061
8928
3226
3863
9306
8708
6685
4518
9567
1637
539
6593
8361
7677
5850
8447
8952
5327
2340
3701
4812
8685
8799
2740
7285
7219
5681
9007
1232
9345
4645
105
30
2171
6640
7969
4751
3622
1085
8815
6749
173
9188
4416
5729
8138
9272
8694
9694
9518
838
3712
8595
9384
5351
3922
5105
5587
8862
5632
9351
3043
3117
6829
3666
6586
7593
7440
5689
6835
6884
6119
3428
3735
6401
4873
5798
4154
4941
6666
3159
3134
8577
8603
8980
699
708
4900
4495
403
7492
4486
2989
315
6311
1061
6274
4660
5779
4587
7563
7805
3784
1150
951
8955
7375
2287
1946
7328
240
7925
597
4096
981
1725
1878
3791
2469
3632
8570
3143
8377
6290
185
7567
7870
2197
3983
4716
183
6021
6536
9836
3115
5602
4678
225
9744
9884
8732
2301
9638
8844
2015
3142
234
8977
3450
5506
63
2479
2017
9144
6736
1596
2528
601
2356
1304
6562
4001
7286
2772
9124
3005
7502
5356
7403
7788
8111
8102
3967
6343
9507
2403
7280
2776
9700
1357
6263
6242
6550
6316
8329
9426
4661
1300
3662
4316
6633
3302
4208
9891
1650
411
9994
2021
8728
1782
9245
5220
5058
6367
8744
8107
5794
8164
4553
2399
8191
7754
4379
6507
4548
7400
9923
9786
2970
1567
266
8189
4784
8645
1731
350
1867
5448
3360
957
7448
4804
2885
807
8101
7979
1822
9096
9909
3158
5405
6677
9781
1329
7025
3407
5970
7603
6330
8249
1268
1755
8173
7387
9261
3719
6670
8
7505
9619
5390
9421
7590
4851
2839
6997
9522
1971
6622
9778
5492
7331
5295
5441
8824
5207
8035
2524
7674
2270
5905
9286
1736
7856
401
5780
2211
8092
2069
4761
4827
7596
8167
2957
2309
4616
1845
8852
2436
3588
6161
4464
6077
1389
7464
6729
6980
8554
6107
3046
2511
6068
7176
7719
627
8849
7254
7569
3473
5091
930
1640
7088
489
9610
4498
6371
8893
8051
3497
3093
212
9868
455
4584
414
6723
6468
7641
1445
9893
2926
3582
5196
9864
9847
4428
380
4192
5697
8452
1005
38
6270
1689
8992
717
8144
4080
8969
7842
4828
4975
4551
6114
6370
3960
1993
3140
7740
9120
6466
2045
1676
878
6102
6510
7852
8860
9947
219
9924
2269
2052
3126
5904
3977
3684
9362
6193
6946
1511
994
7723
6001
7632
9116
5072
6125
101
8225
576
3481
7845
9654
3648
3403
530
1912
2973
2391
483
4623
687
5182
479
3726
7864
1885
9764
731
6770
8113
1704
3711
929
5814
756
7071
6904
3994
358
2510
9310
7487
3746
7991
8025
5007
2353
48
1011
9857
421
249
4533
2505
4681
5621
9023
6931
2834
1824
9878
3334
2651
357
5584
9730
5552
9962
310
417
6718
7619
7655
3161
4247
8698
4292
8917
7100
4232
3318
8395
204
1770
3036
4344
3955
2335
2629
9895
4567
9056
5817
8368
4366
4903
3139
513
8467
3664
6911
9156
5565
5852
2033
1013
4853
8831
4524
6932
1284
4462
2946
3740
9906
8544
7928
1474
9142
833
3430
1982
6527
8073
1391
393
7707
7859
7039
5504
6464
6108
6203
5388
1480
8463
3051
6199
486
847
2606
4852
2228
836
5232
8806
5710
8226
8267
5353
2161
2382
2430
743
2133
6419
3636
5986
4886
5560
1122
1174
1918
8826
7406
5736
496
6004
6667
6988
7057
4506
2577
3528
7101
4114
4714
8752
5845
3818
5184
763
586
834
5347
4179
7696
2448
718
9617
8310
4163
6563
3224
6124
5179
487
8071
560
3230
4376
256
201
8880
5988
5545
3160
4630
4224
1152
1221
8330
9600
6620
8927
4591
4728
9499
381
7409
5998
6446
8371
287
1901
3609
6444
1399
7968
2742
7377
3790
2496
4442
2440
7557
6654
2607
4166
4842
4070
7336
2840
5811
8372
7521
1737
995
9583
4407
1365
9157
8421
6407
9738
5014
7731
1903
8605
4459
8729
8436
650
301
9681
4322
6544
4704
7742
4879
5947
6220
8537
9412
8245
1431
6940
5927
7404
2078
1171
5225
5709
7540
636
8362
3435
1400
4720
5290
8749
4615
6319
160
7299
431
1635
7184
881
2655
8342
6406
556
4255
4967
9373
2915
4190
8933
9701
4082
143
2175
7074
9942
6221
3309
1180
231
4258
5214
9571
2200
776
5301
1925
1149
3362
6888
3911
4455
6597
8030
7431
3753
4283
4253
9165
803
1919
3313
6599
9541
1621
6287
835
5439
3677
5839
3532
9810
4072
8930
9803
4497
5513
6513
2831
460
3061
8756
5075
7311
773
7598
142
8938
904
9755
5793
8741
7113
7129
3817
6565
5033
2626
6057
4384
1422
2974
5974
4797
1509
7098
8514
2647
4272
8958
9299
5393
7717
355
8451
5707
767
6751
794
4708
7073
7390
6272
3018
5915
1844
7694
6091
3523
1082
6000
886
2297
7410
1042
8441
8654
2913
346
1328
9938
237
298
2498
1373
4838
2487
8947
4831
1369
5125
2230
1441
4308
3822
6952
3839
5683
9735
1482
7481
8873
247
1502
8723
3703
6448
6701
8121
9474
2975
6081
4036
2364
8912
484
4103
9075
8302
8136
8216
7582
7676
1280
6885
2559
4790
3384
5807
2587
1793
9034
4961
459
5375
6702
6089
2422
5892
6358
7846
5307
1471
5571
177
3471
5257
5100
7421
1830
6790
4599
1
64
5107
6169
648
2536
6361
1287
3760
8339
6627
291
4417
2035
2070
7298
9916
8214
29
5336
5128
1767
1516
6453
4134
2950
569
3595
1220
9178
4360
4301
983
1024
6288
9598
3637
5763
4097
6393
5695
9772
4201
5382
6825
8274
3571
8378
2812
450
89
637
4907
6434
9319
9871
2804
3187
5189
5628
5894
3110
4451
6156
866
8257
953
1701
2116
7678
828
9044
6603
4952
598
2761
2327
3725
6297
5383
2310
1213
4458
9797
6953
1576
3024
2795
4195
4640
2279
9070
3121
5330
3586
2843
8959
7140
5534
4954
7785
2818
1235
9473
328
4207
2555
8681
8314
3008
8317
1200
7301
8380
671
4019
912
2232
5660
3496
872
6096
9424
2354
891
3486
3065
6763
942
9505
9612
7379
9845
3201
1377
1128
2668
5145
846
8614
8020
8448
6003
1753
1740
8469
8653
5217
8651
9130
5291
4909
2589
5885
149
7066
1615
7558
2711
9902
3785
6283
1520
480
8177
8150
5827
1976
6534
9595
9334
3199
581
9427
649
8351
7004
3872
5954
2702
2306
7733
4755
4745
6403
4030
2152
2081
6901
2650
3888
3498
4290
7654
9027
4536
3689
6198
8937
8218
963
150
3178
5704
8911
2164
3217
9984
5369
8816
5653
3798
7012
279
2461
3017
6104
3678
5119
511
3583
7068
9699
522
2870
7034
2954
6955
8526
1810
3693
2013
800
1954
2002
8827
7899
2316
7193
3864
258
423
8704
2288
8996
3634
3222
3476
5099
6372
7775
9717
6625
3348
4226
8435
7382
5076
7008
9479
7190
3474
1857
8054
4065
702
464
4924
2816
3315
2554
2026
8759
1555
1643
3378
41
8539
7803
2048
23
7890
5745
1543
3885
146
2308
365
6049
2464
5923
5717
2788
9791
7211
5111
2506
8056
2759
7218
95
5713
6730
6228
4695
3762
8648
786
1428
7221
218
526
9445
2042
2544
2006
4157
7170
6056
1569
9170
9022
2703
2652
1424
9849
9932
6482
9915
9596
972
351
791
1415
9723
5769
3970
4155
3916
2262
2897
5932
4646
1657
4122
679
5359
7192
5486
1842
7964
9606
7528
3154
4778
9147
8535
3250
3188
2845
8420
9099
6714
5989
5500
3265
5879
6587
8510
8522
7876
8246
4211
6190
1603
9770
3645
6870
9387
8736
3150
6986
4083
6090
9842
2253
705
8050
9133
1618
4475
2468
1537
3081
3927
6894
1241
3788
3887
1186
4766
1916
402
4478
5335
9715
1518
5755
4073
2393
3625
3536
8869
8096
5529
6059
1283
1789
6382
9894
2649
9183
3489
5754
5809
1273
5536
4448
2480
3364
8495
3513
8220
5524
4951
7072
4350
1792
5438
5378
2456
3247
5443
8394
9241
7103
5786
8898
855
8233
1071
8932
1714
1463
9020
5596
7472
9152
6601
9249
968
555
5567
8926
8204
3716
4197
6411
82
7588
2591
7288
9332
6925
1096
58
943
8664
6121
4139
962
1064
3317
3511
1914
9436
6618
2529
5230
8582
5165
3776
6475
2001
1738
7762
1401
1106
6556
2876
2547
359
9587
9742
2851
4929
3
8094
6504
2231
4323
4891
2847
3572
3363
4767
790
7337
5249
2661
7895
5133
3548
5278
4686
8012
3695
55
9530
8975
4512
5846
593
4227
5177
6516
6296
2696
1682
172
5857
5286
241
8140
3288
6584
9454
4773
8485
5174
4412
8828
4317
7168
9371
3170
7744
3336
5459
3480
3097
4789
5739
7626
6896
2581
9912
5341
4150
377
9690
50
1098
9993
2921
1497
5693
3344
2987
349
7573
706
6039
476
9988
1860
8082
3007
5408
2014
1677
8292
9870
8432
6302
9834
613
1272
3800
3383
8134
799
405
1904
3307
7381
2283
3052
6839
1920
9316
9234
3659
8444
3183
3935
7857
9799
4817
7911
6138
1538
3751
9548
2586
4733
2255
8269
6769
3251
9695
1206
9890
6578
3485
5040
8320
4093
9850
1812
3827
5928
709
5926
6086
6679
7941
4260
1066
9788
9748
1853
2222
1239
8068
1260
934
5847
1397
8183
7491
7257
9029
6118
7787
806
6721
5449
6112
3668
274
8890
6859
759
3049
7854
9439
4912
9220
2220
6821
3042
3505
3899
395
6999
3838
853
8530
379
1298
6759
6348
1223
3608
4628
4025
1210
5339
2866
2688
1129
7900
2811
5329
7681
3519
6324
3675
3469
2058
655
9032
2376
5121
8070
318
2937
2271
3761
1948
9569
147
797
9486
8556
2344
3253
9667
5397
156
8954
909
5083
1513
9106
6655
2664
4883
1031
7278
1088
2666
7366
6201
5756
410
7551
4710
4957
623
2656
6237
8800
8240
8461
8223
2501
933
1562
4410
4329
394
9995
2978
2337
7179
667
6034
5152
5956
9854
8558
223
4312
5227
1331
2404
9428
3823
9354
2645
90
1985
3433
2594
4793
1444
885
1602
4143
5699
1678
644
1574
2331
4279
9759
5576
1295
8146
2541
3409
3781
5247
2096
4171
1656
1258
1189
875
3345
9660
7135
1680
1599
7032
2750
3371
9123
2670
2821
2965
7251
5967
8337
8059
7356
4566
3327
2964
6409
7943
6727
6299
4284
2295
167
92
5296
9190
9325
3028
5368
7549
587
8288
2677
4830
292
2476
8062
4107
8532
7789
2745
9174
673
4944
6200
138
988
4117
2627
9042
5283
6499
6989
9365
6830
8159
3314
2755
7790
7457
9817
8266
4829
1461
9616
7265
5984
8814
787
4059
5808
5219
3011
2229
1489
821
4095
2036
1823
8193
4880
5150
4999
8023
4368
3442
4405
2378
6134
2361
4414
9153
3463
6066
8517
9200
4332
7916
858
5153
3976
272
1719
3415
7584
2806
7045
9697
4358
1354
3167
2408
5371
735
5577
6913
4194
8550
8500
2846
6845
7936
9951
5862
8439
2960
5823
5265
3747
3963
703
525
8072
4821
4992
2685
559
27
4519
2947
3671
2157
9008
2874
1125
5303
6363
6515
5992
1110
864
2348
5363
7312
8943
8652
990
4450
9458
5416
7095
606
4709
6596
6847
6477
8466
5260
3041
4837
7721
3440
436
1350
9287
5751
3770
3413
2516
7195
427
1691
5221
4765
88
7166
765
5349
8004
7485
4425
5452
1362
331
6571
3034
4976
7953
4137
2346
2292
7130
8817
8924
906
7172
3877
9563
1974
7959
579
8647
4161
2298
9729
8389
198
6208
4353
7030
3179
9611
3650
4770
7645
1208
3189
7646
5810
7699
8851
2561
1146
3310
1313
4545
5199
2628
3789
1483
2805
9996
5208
2000
9732
4200
9500
2467
6660
1047
1829
4479
9673
7145
4537
3997
9159
4027
6722
9688
8536
9733
7411
7693
2080
4884
7758
9588
5222
6724
3389
6291
4590
4186
4573
4627
124
5959
8674
2817
4557
3555
4457
1034
6552
2662
8437
9151
1033
2613
2426
3151
8423
5951
1936
615
9628
6243
3499
8151
783
2983
4782
3449
9521
2137
8358
6639
5548
6823
6928
5718
6260
9037
8396
1325
1017
2053
7326
1045
7639
4280
1138
2822
5229
7777
6441
164
5343
7592
4703
5774
8512
4215
5818
670
5094
1894
5599
6230
6172
5569
4980
4726
1623
6526
1257
7661
851
72
5066
9492
2313
5143
7560
1455
9324
8506
6440
1558
5692
8961
8227
8746
5840
955
2495
2266
9080
6576
809
4015
2151
7750
3578
3661
899
3482
5057
1230
7918
2580
8132
5610
8464
8446
739
3924
4202
4832
7132
5783
4651
2154
8874
7104
4723
5593
4302
7732
3000
5680
9388
1998
2879
5114
1850
6422
6458
2423
5820
205
3367
5636
9380
6517
2103
665
1841
1501
1338
3542
6862
334
2466
9291
5377
867
9489
2760
3426
7007
9948
9626
4643
5539
5646
8775
5280
8780
5662
1515
7346
9210
4706
9117
5289
2208
9806
8688
7996
3805
2572
8097
5712
5004
6331
9722
5253
5175
5554
1536
4052
4044
4181
3141
7635
6951
4313
5865
6349
8989
7294
3055
7242
8776
3306
820
1469
5355
1002
8208
2659
229
3303
4859
8767
8560
1673
1238
3704
660
7773
8994
509
9214
2992
4689
1512
477
2819
6801
2570
6739
9637
4494
6615
2967
5832
6827
6020
5994
9961
8885
7713
4068
2235
7429
182
209
6674
8854
2259
2844
3427
488
1564
9019
7136
2503
5978
8589
9526
8650
9068
6542
5156
6985
8538
9953
2380
5308
1299
2744
3258
6975
5360
6127
8541
554
161
8085
4318
8256
7663
3245
4178
8770
8722
5122
9253
8440
5340
68
3129
6206
1127
8830
3938
7178
8713
1055
3280
5407
9423
4674
2169
6753
9277
7510
2317
1352
2938
3308
6987
8993
7438
2374
3162
1119
148
3575
7679
1836
7165
5955
6332
7441
3020
6082
344
662
6508
2439
710
1057
7628
1664
7292
5151
2682
2671
5020
550
5659
387
3821
8213
6984
10
577
1237
6180
7236
9296
9481
9256
2381
7234
7729
7883
8939
3273
9129
8221
8684
8453
4672
3744
3763
3417
1101
4780
1544
3279
4520
3144
4882
2891
7831
2038
9069
1277
9811
8187
2553
2500
6688
22
7279
7049
9376
9009
4987
7016
9841
9632
9268
6617
8717
1058
1092
6994
5792
6899
3755
482
6943
2768
1616
8519
9109
4288
8929
4230
4259
7399
6116
412
7658
612
6629
4759
5192
5046
1996
5188
6139
1244
6231
826
9026
3981
3377
7715
854
3562
1840
3734
6665
1412
3538
9392
5604
9504
6645
6322
4890
6111
9400
1402
2289
9231
7800
2929
1448
1563
6891
5273
8948
2824
2185
4586
5366
2837
3577
8634
9763
4011
3881
5275
6479
9931
5412
2163
5887
6374
8682
1654
8294
4552
7228
1926
9796
4736
8747
1285
8513
3561
4152
299
6383
5440
8270
497
6766
4947
6917
6543
3534
5233
5672
6310
6315
6428
1540
7983
6518
8878
1570
2388
7264
4801
3934
269
6141
6561
2351
2360
3956
5106
2801
367
6150
8665
4422
5902
2194
7838
9143
1137
4189
2097
1597
1256
5436
5515
7432
1795
6815
6529
1895
3359
7304
3860
8099
7795
6608
2995
4690
7666
4373
1175
5025
5859
3284
3889
3851
2864
1769
5267
7585
2265
7993
110
5961
1121
2482
3503
9696
3837
6522
3910
37
134
2263
2531
5888
1834
1041
2209
733
8357
9405
842
4287
2018
7755
6019
7624
9331
6752
5848
4848
619
8642
9110
868
1757
5231
8610
8858
6416
1252
6865
3615
795
3155
9838
8364
3361
1807
4162
1348
9438
1524
2888
8833
4176
814
327
5361
9965
9702
1217
7453
3079
893
8710
9252
8013
4087
6038
4936
5117
7546
8659
931
519
4440
5906
2189
1523
4816
5855
9003
8671
1712
6530
8188
6148
8044
3810
4579
9488
1182
2530
3397
3973
203
7861
8745
825
5719
4382
7444
2258
2460
5206
5669
8393
1446
6771
9689
6380
3438
694
4394
675
9442
7536
7385
2217
2396
3962
3685
2842
257
7092
236
5549
1557
4756
9407
3220
6408
1566
9014
7456
3282
6335
7450
3591
2110
6979
2123
261
1430
548
9060
9721
1874
433
4928
8328
7082
1881
1980
8587
2330
6271
8990
8065
7013
7570
1341
9927
3123
3263
2172
5218
3320
9813
4298
200
5029
524
7565
8185
4843
9274
6217
4965
5749
504
7078
1754
7972
974
1339
7009
8323
8575
1253
5608
4026
4449
5688
4673
9692
425
2856
8727
2604
9239
9446
1112
754
6879
45
8130
5477
3358
1227
723
5166
6011
5583
3506
8124
4101
6611
8483
8905
512
6968
8705
9823
2724
1928
8863
1816
3771
5309
1947
8611
5949
3451
7532
8182
9822
8523
6473
5154
9999
9349
6641
4870
314
2109
5437
3021
3874
1802
5829
3381
4543
9880
9727
2444
7915
6774
7793
5523
5687
4243
2215
4236
3404
7396
47
2418
8616
6656
4159
3331
8502
9211
7520
6937
2793
4541
9067
5573
506
7923
7119
8305
7759
2315
6051
84
2093
8259
3510
9624
8296
6196
2738
5675
9534
9593
5096
5464
4016
8295
2224
4666
5239
2349
2341
2963
2079
6041
7001
1703
8957
4345
645
7308
3229
9305
8700
7839
5566
9662
7105
1617
3198
8114
3295
7137
1143
9155
9150
2064
9057
9041
7867
8391
8987
9719
4916
9777
9640
8373
5711
3705
9457
5937
8279
8581
4404
2392
5946
1043
2
1963
8265
2539
6312
1383
1805
4981
8686
4245
940
1405
9812
5972
3152
5445
9409
9048
849
771
1539
7579
6707
3674
7797
5724
1303
2792
9336
6298
6249
6351
4490
6585
3066
6113
7252
4031
4098
7720
6254
2982
1159
1506
1004
7685
5870
7849
9825
7203
2089
1713
7422
4823
5035
2367
3484
7609
3847
9356
9006
5925
6135
7780
4521
7415
5293
4277
6381
6435
4523
9350
4620
3633
5561
7497
3204
7284
8238
4642
9348
5484
7714
9609
3257
5394
3952
2442
6661
9160
4085
7799
3563
3064
7169
1695
2914
720
9223
4413
9208
3399
3754
813
6117
5163
2814
3944
897
918
1593
6613
8660
7466
1968
2477
1030
7206
9357
2783
8915
9004
9127
2999
9877
2148
5803
7313
2680
5901
1519
7562
2635
7428
6379
1326
2059
2395
2481
4286
4917
7126
2405
3242
7885
366
8040
7712
7196
9905
6649
6950
5494
1722
4334
766
883
4246
6223
7089
2634
6982
3843
2616
9460
5086
3639
31
4568
9631
2669
8572
207
4347
1048
2920
3233
3089
8552
3892
1456
6402
1009
7999
1530
3351
1008
5842
1336
267
6007
375
1547
5856
837
663
7808
5498
9352
5975
2518
5212
7629
7783
4278
9936
3436
5935
6447
1374
1126
3610
1197
3687
2762
669
7353
877
265
3999
8431
3205
6285
2595
9966
8230
6323
7121
1359
1049
2497
9929
195
961
192
77
5374
4356
6927
3680
5358
7033
8032
8348
9957
7477
2108
7052
9968
1930
158
7617
7480
3180
3453
796
2246
5948
152
7006
640
5728
4771
4532
293
2486
3078
6893
1104
6461
3465
5580
8365
2732
9369
9342
4105
8203
3820
176
4342
7335
7566
3119
2861
1598
7519
8058
1827
8252
5789
6360
1815
1040
1140
2575
3909
692
6209
1250
8953
9869
6833
4725
508
607
811
8706
2855
3861
3311
9989
193
4950
3832
8008
2984
107
7367
5319
4387
5442
8133
1888
374
9608
4046
3515
2985
6963
5414
6396
3801
4717
7207
6282
3468
7339
6720
7255
5323
6726
1902
8792
3192
4076
1733
5421
6575
5274
5706
4539
8442
8672
6555
2993
3651
6764
4221
3010
9649
9260
4839
2090
2074
6540
194
1308
8637
5891
5205
7070
1416
2446
7373
4989
4675
8490
8669
5634
5116
5345
8137
8735
4362
8285
3611
1407
6097
7454
7577
3630
3706
7372
8625
1717
1826
2904
8304
5679
624
9074
6469
8078
8307
8676
4888
4858
6292
7756
2513
8731
1473
4636
1394
2625
4783
4453
545
3432
5982
8194
6128
6631
5563
2192
9594
2860
6031
9691
3074
7945
1261
3718
5753
8212
1579
8547
2193
7090
1865
7801
1337
6568
9773
8649
6793
6443
8569
6706
9317
4996
7503
2025
8228
7494
2009
2087
4544
2431
6207
7243
8753
5008
8007
8936
574
5624
1588
3901
5197
7702
5578
1271
139
7701
5607
4484
36
9164
3494
9578
647
4847
1765
4799
7757
3405
1899
1000
4447
126
4055
5833
9154
6732
6268
5344
9419
3338
8029
7660
3533
5722
7102
6384
7020
5742
6643
7825
3654
4671
262
5236
6205
3246
6122
5362
8312
7581
9469
2041
6346
8045
1705
5627
3728
6841
4132
14
3525
1893
6144
6430
9166
7148
5686
3905
8239
280
3979
4865
8887
8190
8202
5235
3120
7141
7246
6883
6087
73
6978
3878
4244
7116
3286
3298
3906
967
1234
7468
3736
2020
5003
1218
2951
8086
801
5919
2948
1586
8853
3050
7897
618
1896
4507
7524
5836
1203
8486
1843
3710
7300
2573
6276
2786
8419
2893
153
7131
384
1784
9169
8015
7235
7778
2112
9390
2198
8397
2186
9910
7633
4857
5518
5785
9830
2490
4213
5963
1870
1318
7868
2092
3663
501
7127
5670
1355
9658
5049
7434
1911
6415
65
4526
6455
6313
4252
9497
9444
5320
1734
2371
8165
3699
7338
7922
313
674
7739
4271
993
3475
8791
3105
8720
3193
132
383
6621
6451
2841
9061
1938
8960
4583
9015
572
239
1839
7606
3750
4293
9420
1364
2252
8232
8875
7462
5806
4242
9455
1177
5633
3670
8297
1012
4441
4931
8275
243
7751
2940
8083
2566
7709
4864
7436
5759
2010
9247
802
1997
6481
6551
8508
9885
4460
6644
1198
9141
5609
9858
6848
3060
2901
5415
9145
6583
6347
9487
6160
3464
9206
4424
2119
408
2333
392
6635
1743
6923
6238
8520
9
6171
7730
752
1457
8861
5777
6909
1148
7329
5771
2836
6265
7887
4763
5922
3398
244
8904
9254
8573
413
9745
6188
7763
5899
8428
1118
7044
8641
4411
3550
4092
3455
9134
3094
1247
4118
3947
4625
1275
5838
6514
8293
3834
1464
9179
1559
6006
6524
4677
3584
7427
1435
2925
9290
5738
4474
1940
3149
6476
5081
9641
5910
2988
8418
5337
2249
5557
7345
5701
9209
7177
2443
2560
3702
5136
2296
5997
342
3429
3304
4555
4029
8034
6678
4810
1917
8951
5750
5588
4173
2576
8382
7442
7910
7151
7642
2470
9852
686
2066
6023
3461
1970
9366
1639
8897
9403
1207
1493
1747
9370
1111
3516
6176
2184
5875
1685
100
859
8157
430
9076
419
4760
8242
3598
2756
3271
2508
8666
2274
7687
8941
9105
7904
4721
8355
6711
1503
4634
3213
4438
1425
9613
8002
4398
5400
514
1595
1403
4467
3104
3894
5616
9054
7316
9417
8784
685
1192
635
7495
3607
3218
2397
8333
7015
5542
3765
7601
609
9933
6211
7980
3459
2699
7940
5483
1156
4248
491
9043
6375
1361
6939
3088
2324
1646
6873
8774
9784
1856
9207
5015
8184
8400
8548
7357
5095
1306
8244
5432
4906
4423
3738
4084
8462
1498
3174
697
2697
9082
2751
3631
2160
7274
8299
8877
989
1368
3243
1732
6480
4905
9532
1943
7475
3991
3165
6799
1324
5671
1750
7051
4719
6826
1832
2471
7564
8847
2936
7913
9126
8172
8925
5931
1720
4429
5009
9808
9805
2556
7277
6947
4667
5824
4241
5618
3083
5558
8161
7586
7905
9513
3075
1187
8055
565
1123
8564
7117
2057
1414
4142
1270
4594
4894
6235
8870
4752
9579
8949
8031
6492
4805
1154
9375
7084
5760
9655
5968
9449
7988
1078
9344
3261
2743
43
9395
3212
741
5063
4172
4014
141
4249
6610
2183
6224
4505
3401
3619
9558
1735
7589
233
7668
1050
2676
4102
7960
1019
7743
6106
4256
216
594
4811
9978
4962
1105
9586
3940
1144
1100
7384
9216
4375
9776
8658
7259
2873
6710
5860
4697
2166
3665
7657
1897
3566
2679
3492
66
5913
8584
861
3931
4209
9687
2962
1282
8429
9914
5767
8525
3896
163
5313
6777
639
7672
9228
3898
1987
6157
8192
441
2244
8801
1392
4531
8163
1026
2438
4569
6024
1889
3443
6725
7862
6918
9180
2428
4238
8981
1347
96
7537
8222
996
2675
5971
3207
1884
9494
113
9614
8142
5130
2339
971
2865
1791
8574
4908
378
822
7152
5512
1699
863
2485
8116
5528
9036
6325
7517
9364
8005
6008
2706
9814
4744
4111
4175
4153
5198
688
7711
583
1702
9922
7875
7898
7118
1999
1434
2551
5782
3585
4135
6036
3643
9248
2852
1575
7386
617
6734
3980
4433
5
746
3278
2425
4138
9264
8300
2375
1710
2690
6765
8964
9353
4798
6669
7583
7827
8956
2411
2905
5034
7643
9078
3249
8602
3385
5312
184
3221
2156
478
6944
7622
5204
2557
1330
5510
5641
9482
2569
1286
1289
9908
8148
9236
108
6693
6341
1688
3491
8019
1131
5863
3559
3116
973
5487
8733
6523
8612
6663
7634
760
6301
2434
5952
991
6070
1742
2254
9661
1001
7134
9602
7340
937
6261
9289
6634
792
6818
1371
6632
8169
8210
1409
9433
9125
424
1109
7728
5215
8057
698
9564
1141
5973
729
1475
