1
2
3
5
7
8
9
10
14
22
23
24
27
29
30
31
36
37
38
41
43
44
45
47
48
49
50
55
58
63
64
65
66
68
72
73
77
81
82
84
88
89
90
92
95
96
97
100
101
105
107
108
110
113
115
117
124
126
129
132
134
138
139
141
142
143
146
147
148
149
150
152
153
156
158
160
161
163
164
167
172
173
176
177
182
183
184
185
192
193
194
195
196
198
200
201
203
204
205
207
209
212
216
218
219
220
222
223
225
228
229
231
233
234
236
237
239
240
241
243
244
246
247
249
256
257
258
261
262
265
266
267
269
272
274
276
279
280
287
291
292
293
297
298
299
301
310
313
314
315
318
324
327
328
330
331
334
342
344
346
349
350
351
354
355
357
358
359
362
363
364
365
366
367
371
374
375
377
378
379
380
381
383
384
387
392
393
394
395
401
402
403
404
405
408
409
410
411
412
413
414
417
419
421
423
424
425
427
428
429
430
431
433
436
438
441
450
455
457
459
460
464
467
468
474
476
477
478
479
480
481
482
483
484
486
487
488
489
491
493
496
497
499
501
504
506
508
509
511
512
513
514
518
519
522
524
525
526
528
530
532
537
539
540
545
547
548
549
550
554
555
556
557
559
560
563
565
569
572
573
574
576
577
579
581
583
586
587
593
594
596
597
598
601
606
607
609
612
613
615
617
618
619
623
624
627
628
633
635
636
637
638
639
640
643
644
645
647
648
649
650
652
655
658
660
662
663
665
667
669
670
671
672
673
674
675
679
684
685
686
687
688
689
692
694
697
698
699
702
703
705
706
708
709
710
717
718
720
723
728
729
730
731
733
735
739
741
743
746
747
752
754
756
757
758
759
760
763
765
766
767
771
773
776
783
786
787
790
791
792
794
795
796
797
799
800
801
802
803
806
807
809
811
813
814
815
819
820
821
822
825
826
828
831
833
834
835
836
837
838
842
843
844
845
846
847
849
851
853
854
855
858
859
861
863
864
866
867
868
872
875
877
878
879
881
883
884
885
886
888
889
891
893
897
899
903
904
906
908
909
912
918
920
924
928
929
930
931
933
934
937
938
940
942
943
947
951
953
955
956
957
961
962
963
964
967
968
971
972
973
974
977
980
981
982
983
987
988
989
990
991
993
994
995
996
1000
1001
1002
1004
1005
1008
1009
1011
1012
1013
1015
1016
1017
1019
1023
1024
1025
1026
1030
1031
1032
1033
1034
1037
1040
1041
1042
1043
1045
1047
1048
1049
1050
1055
1057
1058
1060
1061
1064
1066
1068
1071
1078
1082
1085
1088
1089
1092
1096
1098
1100
1101
1102
1104
1105
1106
1109
1110
1111
1112
1114
1118
1119
1121
1122
1123
1125
1126
1127
1128
1129
1131
1137
1138
1140
1141
1143
1144
1146
1147
1148
1149
1150
1152
1154
1155
1156
1159
1160
1164
1171
1174
1175
1177
1180
1182
1184
1186
1187
1189
1192
1193
1197
1198
1200
1203
1206
1207
1208
1209
1210
1213
1214
1215
1217
1218
1220
1221
1223
1226
1227
1230
1232
1234
1235
1237
1238
1239
1241
1243
1244
1246
1247
1250
1252
1253
1256
1257
1258
1260
1261
1266
1268
1270
1271
1272
1273
1275
1277
1280
1282
1283
1284
1285
1286
1287
1289
1295
1296
1298
1299
1300
1303
1304
1306
1308
1309
1313
1315
1317
1318
1324
1325
1326
1327
1328
1329
1330
1331
1336
1337
1338
1339
1341
1342
1347
1348
1349
1350
1352
1353
1354
1355
1357
1359
1361
1362
1364
1365
1368
1369
1371
1373
1374
1377
1378
1379
1380
1383
1384
1389
1391
1392
1394
1397
1399
1400
1401
1402
1403
1405
1407
1409
1412
1414
1415
1416
1417
1422
1424
1425
1426
1427
1428
1430
1431
1432
1434
1435
1439
1441
1444
1445
1446
1448
1455
1456
1457
1461
1463
1464
1466
1469
1471
1473
1474
1475
1480
1482
1483
1489
1490
1493
1497
1498
1501
1502
1503
1506
1507
1509
1511
1512
1513
1515
1516
1518
1519
1520
1523
1524
1530
1536
1537
1538
1539
1540
1543
1544
1545
1547
1548
1549
1555
1557
1558
1559
1560
1562
1563
1564
1566
1567
1568
1569
1570
1574
1575
1576
1579
1582
1586
1588
1591
1593
1595
1596
1597
1598
1599
1600
1602
1603
1615
1616
1617
1618
1621
1623
1625
1633
1635
1637
1639
1640
1643
1646
1650
1651
1654
1655
1656
1657
1661
1664
1665
1666
1668
1673
1676
1677
1678
1680
1681
1682
1685
1688
1689
1691
1695
1697
1699
1700
1701
1702
1703
1704
1705
1710
1712
1713
1714
1717
1718
1719
1720
1722
1724
1725
1731
1732
1733
1734
1735
1736
1737
1738
1740
1742
1743
1746
1747
1750
1753
1754
1755
1757
1761
1763
1764
1765
1767
1769
1770
1774
1780
1782
1783
1784
1789
1791
1792
1793
1794
1795
1800
1802
1805
1807
1810
1812
1815
1816
1822
1823
1824
1826
1827
1829
1830
1832
1834
1836
1839
1840
1841
1842
1843
1844
1845
1846
1847
1850
1851
1853
1856
1857
1860
1861
1865
1867
1870
1874
1875
1878
1881
1883
1884
1885
1887
1888
1889
1891
1893
1894
1895
1896
1897
1899
1901
1902
1903
1904
1911
1912
1914
1916
1917
1918
1919
1920
1925
1926
1928
1930
1931
1933
1936
1938
1940
1943
1944
1946
1947
1948
1952
1953
1954
1962
1963
1966
1968
1970
1971
1974
1976
1980
1982
1983
1985
1987
1993
1996
1997
1998
1999
2000
2001
2002
2006
2009
2010
2013
2014
2015
2017
2018
2020
2021
2025
2026
2030
2033
2035
2036
2038
2041
2042
2045
2048
2052
2053
2057
2058
2059
2063
2064
2066
2067
2069
2070
2074
2075
2078
2079
2080
2081
2084
2087
2089
2090
2092
2093
2094
2096
2097
2100
2101
2103
2108
2109
2110
2112
2116
2119
2123
2126
2127
2132
2133
2135
2136
2137
2138
2139
2148
2151
2152
2154
2156
2157
2158
2160
2161
2163
2164
2166
2167
2169
2171
2172
2175
2178
2183
2184
2185
2186
2189
2192
2193
2194
2195
2197
2198
2200
2201
2208
2209
2211
2215
2217
2220
2222
2224
2228
2229
2230
2231
2232
2235
2240
2242
2244
2246
2249
2251
2252
2253
2254
2255
2258
2259
2262
2263
2264
2265
2266
2269
2270
2271
2274
2279
2283
2287
2288
2289
2291
2292
2295
2296
2297
2298
2301
2306
2308
2309
2310
2312
2313
2314
2315
2316
2317
2320
2322
2324
2327
2330
2331
2333
2335
2337
2339
2340
2341
2343
2344
2346
2348
2349
2351
2352
2353
2354
2356
2360
2361
2364
2367
2371
2373
2374
2375
2376
2378
2380
2381
2382
2384
2388
2391
2392
2393
2394
2395
2396
2397
2399
2401
2403
2404
2405
2406
2408
2411
2418
2422
2423
2425
2426
2427
2428
2430
2431
2434
2435
2436
2437
2438
2439
2440
2442
2443
2444
2446
2448
2456
2460
2461
2462
2464
2466
2467
2468
2469
2470
2471
2473
2476
2477
2479
2480
2481
2482
2485
2486
2487
2490
2495
2496
2497
2498
2499
2500
2501
2502
2503
2505
2506
2507
2508
2510
2511
2513
2514
2515
2516
2517
2518
2521
2524
2528
2529
2530
2531
2532
2536
2538
2539
2541
2544
2547
2551
2552
2553
2554
2555
2556
2557
2559
2560
2561
2563
2566
2569
2570
2572
2573
2575
2576
2577
2579
2580
2581
2582
2586
2587
2589
2591
2594
2595
2597
2601
2604
2606
2607
2613
2615
2616
2622
2624
2625
2626
2627
2628
2629
2634
2635
2636
2645
2646
2647
2649
2650
2651
2652
2653
2655
2656
2658
2659
2661
2662
2664
2666
2668
2669
2670
2671
2674
2675
2676
2677
2679
2680
2682
2685
2688
2690
2696
2697
2699
2702
2703
2704
2706
2711
2718
2724
2732
2738
2740
2742
2743
2744
2745
2749
2750
2751
2755
2756
2759
2760
2761
2762
2767
2768
2769
2772
2774
2775
2776
2777
2783
2784
2786
2787
2788
2792
2793
2795
2797
2798
2801
2804
2805
2806
2811
2812
2814
2816
2817
2818
2819
2820
2821
2822
2824
2831
2834
2836
2837
2839
2840
2841
2842
2843
2844
2845
2846
2847
2850
2851
2852
2853
2855
2856
2860
2861
2864
2865
2866
2868
2870
2873
2874
2875
2876
2879
2885
2888
2891
2893
2897
2901
2902
2904
2905
2910
2913
2914
2915
2920
2921
2925
2926
2929
2934
2936
2937
2938
2940
2943
2945
2946
2947
2948
2950
2951
2954
2955
2957
2960
2962
2963
2964
2965
2966
2967
2970
2973
2974
2975
2978
2980
2982
2983
2984
2985
2987
2988
2989
2992
2993
2995
2997
2999
3000
3005
3007
3008
3010
3011
3017
3018
3020
3021
3024
3025
3026
3027
3028
3034
3036
3040
3041
3042
3043
3046
3047
3049
3050
3051
3052
3054
3055
3060
3061
3064
3065
3066
3072
3074
3075
3077
3078
3079
3081
3082
3083
3088
3089
3091
3093
3094
3097
3103
3104
3105
3110
3113
3115
3116
3117
3119
3120
3121
3122
3123
3126
3129
3134
3139
3140
3141
3142
3143
3144
3146
3149
3150
3151
3152
3154
3155
3158
3159
3160
3161
3162
3165
3167
3170
3174
3178
3179
3180
3183
3187
3188
3189
3192
3193
3198
3199
3201
3204
3205
3207
3209
3212
3213
3214
3217
3218
3220
3221
3222
3224
3226
3229
3230
3233
3235
3237
3242
3243
3245
3246
3247
3249
3250
3251
3253
3257
3258
3261
3263
3265
3270
3271
3273
3278
3279
3280
3282
3284
3286
3287
3288
3295
3298
3302
3303
3304
3306
3307
3308
3309
3310
3311
3313
3314
3315
3317
3318
3320
3327
3329
3331
3332
3334
3336
3338
3344
3345
3348
3351
3352
3358
3359
3360
3361
3362
3363
3364
3367
3369
3371
3377
3378
3381
3383
3384
3385
3389
3392
3394
3397
3398
3399
3400
3401
3403
3404
3405
3407
3409
3413
3415
3417
3422
3426
3427
3428
3429
3430
3432
3433
3435
3436
3438
3440
3442
3443
3448
3449
3450
3451
3453
3455
3456
3459
3461
3463
3464
3465
3468
3469
3471
3473
3474
3475
3476
3480
3481
3482
3484
3485
3486
3487
3489
3491
3492
3494
3496
3497
3498
3499
3501
3503
3504
3505
3506
3510
3511
3513
3515
3516
3519
3523
3525
3528
3532
3533
3534
3535
3536
3538
3542
3545
3547
3548
3550
3555
3557
3559
3561
3562
3563
3566
3569
3571
3572
3575
3577
3578
3582
3583
3584
3585
3586
3588
3591
3595
3598
3599
3607
3608
3609
3610
3611
3614
3615
3619
3622
3623
3625
3629
3630
3631
3632
3633
3634
3636
3637
3639
3643
3645
3648
3650
3651
3654
3659
3661
3662
3663
3664
3665
3666
3668
3670
3671
3672
3673
3674
3675
3676
3677
3678
3680
3683
3684
3685
3686
3687
3689
3693
3694
3695
3696
3697
3698
3699
3700
3701
3702
3703
3704
3705
3706
3709
3710
3711
3712
3716
3718
3719
3720
3725
3726
3728
3729
3734
3735
3736
3738
3740
3743
3744
3746
3747
3749
3750
3751
3753
3754
3755
3760
3761
3762
3763
3764
3765
3770
3771
3776
3781
3783
3784
3785
3787
3788
3789
3790
3791
3792
3798
3799
3800
3801
3805
3810
3817
3818
3820
3821
3822
3823
3827
3830
3832
3834
3835
3837
3838
3839
3841
3843
3844
3847
3850
3851
3860
3861
3863
3864
3872
3873
3874
3875
3877
3878
3881
3882
3885
3887
3888
3889
3890
3892
3894
3896
3898
3899
3901
3903
3905
3906
3909
3910
3911
3912
3913
3916
3917
3918
3922
3924
3927
3931
3932
3934
3935
3938
3940
3944
3947
3950
3952
3955
3956
3960
3962
3963
3964
3967
3970
3973
3976
3977
3979
3980
3981
3983
3986
3991
3994
3995
3996
3997
3999
4001
4011
4014
4015
4016
4019
4022
4025
4026
4027
4029
4030
4031
4036
4044
4046
4050
4052
4055
4058
4059
4065
4067
4068
4070
4072
4073
4075
4076
4080
4082
4083
4084
4085
4087
4092
4093
4095
4096
4097
4098
4101
4102
4103
4105
4107
4109
4111
4114
4116
4117
4118
4122
4132
4134
4135
4137
4138
4139
4141
4142
4143
4145
4150
4151
4152
4153
4154
4155
4157
4158
4159
4161
4162
4163
4166
4167
4168
4171
4172
4173
4175
4176
4178
4179
4181
4186
4189
4190
4192
4194
4195
4197
4200
4201
4202
4205
4207
4208
4209
4211
4213
4215
4221
4223
4224
4226
4227
4230
4232
4236
4238
4239
4241
4242
4243
4244
4245
4246
4247
4248
4249
4252
4253
4255
4256
4258
4259
4260
4271
4272
4273
4277
4278
4279
4280
4283
4284
4286
4287
4288
4290
4292
4293
4294
4298
4301
4302
4303
4308
4312
4313
4316
4317
4318
4322
4323
4325
4329
4332
4334
4342
4344
4345
4347
4350
4353
4356
4358
4360
4361
4362
4363
4366
4368
4372
4373
4375
4376
4379
4382
4384
4387
4394
4397
4398
4402
4404
4405
4407
4410
4411
4412
4413
4414
4416
4417
4422
4423
4424
4425
4426
4427
4428
4429
4431
4433
4434
4437
4438
4440
4441
4442
4447
4448
4449
4450
4451
4453
4455
4457
4458
4459
4460
4462
4464
4467
4474
4475
4478
4479
4484
4486
4489
4490
4491
4493
4494
4495
4497
4498
4503
4505
4506
4507
4509
4510
4512
4516
4518
4519
4520
4521
4523
4524
4526
4531
4532
4533
4536
4537
4539
4541
4543
4544
4545
4548
4551
4552
4553
4555
4556
4557
4559
4564
4566
4567
4568
4569
4573
4574
4578
4579
4583
4584
4586
4587
4590
4591
4594
4599
4600
4601
4604
4605
4611
4615
4616
4620
4623
4625
4627
4628
4630
4634
4636
4640
4642
4643
4645
4646
4650
4651
4658
4660
4661
4663
4666
4667
4671
4672
4673
4674
4675
4677
4678
4681
4686
4689
4690
4694
4695
4697
4703
4704
4706
4708
4709
4710
4714
4716
4717
4719
4720
4721
4723
4725
4726
4728
4733
4736
4737
4740
4744
4745
4748
4749
4751
4752
4755
4756
4759
4760
4761
4763
4765
4766
4767
4768
4770
4771
4773
4778
4779
4780
4782
4783
4784
4789
4790
4791
4792
4793
4794
4797
4798
4799
4801
4802
4804
4805
4806
4808
4810
4811
4812
4815
4816
4817
4818
4821
4823
4824
4825
4827
4828
4829
4830
4831
4832
4837
4838
4839
4840
4842
4843
4847
4848
4851
4852
4853
4857
4858
4859
4861
4864
4865
4870
4873
4879
4880
4882
4883
4884
4886
4888
4890
4891
4894
4900
4903
4905
4906
4907
4908
4909
4912
4916
4917
4924
4928
4929
4931
4936
4941
4944
4947
4949
4950
4951
4952
4954
4957
4961
4962
4964
4965
4967
4973
4975
4976
4979
4980
4981
4984
4985
4987
4989
4992
4994
4996
4999
5002
5003
5004
5007
5008
5009
5014
5015
5018
5020
5021
5025
5027
5029
5033
5034
5035
5040
5046
5049
5052
5057
5058
5063
5066
5069
5072
5074
5075
5076
5081
5083
5086
5091
5094
5095
5096
5099
5100
5103
5104
5105
5106
5107
5111
5113
5114
5116
5117
5119
5121
5122
5125
5128
5129
5130
5133
5134
5136
5143
5145
5146
5150
5151
5152
5153
5154
5156
5163
5165
5166
5168
5172
5174
5175
5176
5177
5178
5179
5182
5184
5186
5188
5189
5192
5195
5196
5197
5198
5199
5201
5204
5205
5206
5207
5208
5212
5214
5215
5217
5218
5219
5220
5221
5222
5224
5225
5227
5229
5230
5231
5232
5233
5235
5236
5239
5242
5247
5249
5251
5253
5256
5257
5259
5260
5265
5267
5270
5273
5274
5275
5277
5278
5280
5282
5283
5286
5289
5290
5291
5293
5295
5296
5299
5301
5303
5307
5308
5309
5312
5313
5319
5320
5321
5323
5327
5329
5330
5335
5336
5337
5339
5340
5341
5342
5343
5344
5345
5347
5349
5351
5352
5353
5355
5356
5358
5359
5360
5361
5362
5363
5366
5368
5369
5371
5374
5375
5377
5378
5382
5383
5388
5390
5392
5393
5394
5397
5398
5400
5405
5407
5408
5412
5414
5415
5416
5421
5432
5436
5437
5438
5439
5440
5441
5442
5443
5445
5446
5448
5449
5451
5452
5456
5459
5464
5473
5475
5477
5481
5483
5484
5486
5487
5488
5492
5494
5498
5500
5501
5503
5504
5506
5510
5512
5513
5515
5518
5521
5522
5523
5524
5528
5529
5530
5534
5536
5539
5542
5543
5544
5545
5548
5549
5552
5554
5557
5558
5560
5561
5563
5565
5566
5567
5569
5571
5572
5573
5576
5577
5578
5580
5583
5584
5587
5588
5589
5593
5596
5599
5602
5604
5605
5607
5608
5609
5610
5611
5616
5617
5618
5621
5622
5624
5627
5628
5632
5633
5634
5636
5637
5639
5641
5642
5646
5649
5652
5653
5655
5656
5659
5660
5662
5665
5669
5670
5671
5672
5673
5675
5679
5680
5681
5683
5684
5686
5687
5688
5689
5692
5693
5695
5697
5699
5701
5703
5704
5706
5707
5709
5710
5711
5712
5713
5717
5718
5719
5722
5724
5727
5728
5729
5730
5736
5738
5739
5740
5741
5742
5745
5749
5750
5751
5753
5754
5755
5756
5759
5760
5763
5766
5767
5769
5771
5774
5777
5779
5780
5781
5782
5783
5785
5786
5789
5792
5793
5794
5798
5803
5806
5807
5808
5809
5810
5811
5814
5815
5817
5818
5820
5823
5824
5827
5829
5832
5833
5836
5838
5839
5840
5842
5845
5846
5847
5848
5850
5852
5855
5856
5857
5859
5860
5862
5863
5865
5866
5869
5870
5875
5876
5877
5879
5882
5885
5887
5888
5891
5892
5894
5899
5901
5902
5904
5905
5906
5907
5910
5913
5914
5915
5919
5922
5923
5925
5926
5927
5928
5931
5932
5935
5937
5946
5947
5948
5949
5951
5952
5954
5955
5956
5959
5961
5963
5967
5968
5970
5971
5972
5973
5974
5975
5978
5979
5980
5981
5982
5984
5986
5987
5988
5989
5992
5994
5997
5998
6000
6001
6002
6003
6004
6006
6007
6008
6011
6014
6019
6020
6021
6023
6024
6025
6026
6030
6031
6034
6036
6038
6039
6041
6049
6051
6056
6057
6059
6061
6066
6068
6070
6074
6077
6081
6082
6086
6087
6088
6089
6090
6091
6096
6097
6102
6104
6106
6107
6108
6109
6111
6112
6113
6114
6116
6117
6118
6119
6121
6122
6124
6125
6127
6128
6134
6135
6138
6139
6141
6144
6145
6148
6150
6156
6157
6158
6160
6161
6169
6171
6172
6176
6180
6186
6188
6190
6193
6196
6197
6198
6199
6200
6201
6203
6205
6206
6207
6208
6209
6210
6211
6214
6217
6220
6221
6223
6224
6227
6228
6229
6230
6231
6235
6237
6238
6239
6242
6243
6249
6250
6254
6260
6261
6263
6265
6268
6270
6271
6272
6274
6276
6277
6282
6283
6285
6287
6288
6290
6291
6292
6296
6297
6298
6299
6301
6302
6304
6310
6311
6312
6313
6315
6316
6319
6320
6321
6322
6323
6324
6325
6329
6330
6331
6332
6333
6335
6336
6337
6341
6343
6344
6346
6347
6348
6349
6351
6352
6353
6358
6359
6360
6361
6363
6367
6370
6371
6372
6374
6375
6377
6379
6380
6381
6382
6383
6384
6393
6394
6396
6398
6401
6402
6403
6406
6407
6408
6409
6411
6415
6416
6419
6422
6428
6429
6430
6434
6435
6437
6440
6441
6443
6444
6446
6447
6448
6451
6453
6455
6458
6461
6462
6464
6466
6468
6469
6473
6474
6475
6476
6477
6478
6479
6480
6481
6482
6492
6499
6503
6504
6507
6508
6510
6512
6513
6514
6515
6516
6517
6518
6522
6523
6524
6526
6527
6529
6530
6532
6534
6535
6536
6539
6540
6542
6543
6544
6545
6547
6549
6550
6551
6552
6555
6556
6561
6562
6563
6565
6568
6571
6573
6574
6575
6576
6578
6583
6584
6585
6586
6587
6593
6594
6596
6597
6599
6600
6601
6602
6603
6607
6608
6610
6611
6613
6615
6617
6618
6620
6621
6622
6625
6627
6628
6629
6631
6632
6633
6634
6635
6638
6639
6640
6641
6642
6643
6644
6645
6648
6649
6650
6654
6655
6656
6660
6661
6663
6665
6666
6667
6668
6669
6670
6673
6674
6677
6678
6679
6685
6688
6693
6695
6697
6701
6702
6706
6707
6710
6711
6714
6715
6718
6720
6721
6722
6723
6724
6725
6726
6727
6729
6730
6732
6734
6736
6739
6745
6749
6750
6751
6752
6753
6759
6763
6764
6765
6766
6769
6770
6771
6774
6777
6790
6793
6799
6801
6804
6815
6818
6821
6823
6825
6826
6827
6828
6829
6830
6833
6835
6838
6839
6841
6843
6845
6846
6847
6848
6852
6859
6862
6865
6868
6870
6873
6874
6876
6879
6883
6884
6885
6887
6888
6889
6890
6891
6893
6894
6895
6896
6899
6901
6904
6909
6911
6913
6917
6918
6919
6923
6925
6927
6928
6930
6931
6932
6937
6939
6940
6943
6944
6946
6947
6950
6951
6952
6953
6955
6959
6962
6963
6964
6965
6968
6974
6975
6978
6979
6980
6982
6984
6985
6986
6987
6988
6989
6994
6997
6998
6999
7001
7004
7006
7007
7008
7009
7012
7013
7015
7016
7017
7020
7022
7024
7025
7026
7030
7032
7033
7034
7035
7037
7039
7040
7044
7045
7049
7051
7052
7053
7057
7058
7061
7066
7068
7070
7071
7072
7073
7074
7078
7080
7082
7084
7085
7088
7089
7090
7092
7095
7098
7100
7101
7102
7103
7104
7105
7110
7113
7116
7117
7118
7119
7120
7121
7126
7127
7129
7130
7131
7132
7133
7134
7135
7136
7137
7140
7141
7145
7148
7149
7151
7152
7164
7165
7166
7167
7168
7169
7170
7171
7172
7175
7176
7177
7178
7179
7184
7188
7190
7192
7193
7194
7195
7196
7203
7206
7207
7209
7211
7212
7213
7218
7219
7221
7228
7234
7235
7236
7239
7241
7242
7243
7246
7251
7252
7254
7255
7257
7259
7260
7264
7265
7274
7277
7278
7279
7280
7281
7284
7285
7286
7288
7289
7292
7293
7294
7296
7298
7299
7300
7301
7302
7303
7304
7307
7308
7311
7312
7313
7316
7318
7319
7326
7327
7328
7329
7330
7331
7335
7336
7337
7338
7339
7340
7345
7346
7353
7356
7357
7363
7366
7367
7368
7372
7373
7375
7377
7378
7379
7380
7381
7382
7383
7384
7385
7386
7387
7389
7390
7396
7399
7400
7403
7404
7406
7409
7410
7411
7415
7416
7419
7421
7422
7427
7428
7429
7430
7431
7432
7434
7436
7437
7438
7440
7441
7442
7444
7447
7448
7450
7451
7453
7454
7456
7457
7462
7464
7466
7468
7472
7474
7475
7477
7480
7481
7485
7487
7491
7492
7494
7495
7497
7499
7502
7503
7505
7510
7517
7519
7520
7521
7524
7526
7528
7532
7536
7537
7540
7546
7547
7549
7550
7551
7557
7558
7560
7562
7563
7564
7565
7566
7567
7569
7570
7572
7573
7577
7578
7579
7581
7582
7583
7584
7585
7586
7587
7588
7589
7590
7592
7593
7596
7597
7598
7601
7603
7606
7609
7614
7617
7619
7621
7622
7624
7626
7628
7629
7632
7633
7634
7635
7639
7641
7642
7643
7645
7646
7654
7655
7657
7658
7660
7661
7663
7666
7667
7668
7670
7672
7674
7675
7676
7677
7678
7679
7681
7685
7687
7688
7693
7694
7696
7699
7701
7702
7704
7707
7709
7710
7711
7712
7713
7714
7715
7717
7719
7720
7721
7723
7726
7728
7729
7730
7731
7732
7733
7739
7740
7742
7743
7744
7748
7750
7751
7754
7755
7756
7757
7758
7759
7760
7762
7763
7773
7774
7775
7776
7777
7778
7780
7783
7785
7787
7788
7789
7790
7793
7795
7797
7799
7800
7801
7803
7805
7808
7809
7810
7825
7827
7831
7833
7838
7839
7840
7842
7845
7846
7849
7852
7854
7856
7857
7859
7861
7862
7864
7866
7867
7868
7870
7875
7876
7879
7881
7883
7885
7887
7890
7895
7897
7898
7899
7900
7904
7905
7909
7910
7911
7913
7915
7916
7917
7918
7920
7922
7923
7924
7925
7926
7928
7929
7935
7936
7940
7941
7943
7944
7945
7946
7950
7953
7959
7960
7964
7968
7969
7972
7973
7979
7980
7983
7986
7988
7991
7993
7995
7996
7999
8000
8002
8004
8005
8007
8008
8012
8013
8015
8019
8020
8023
8025
8029
8030
8031
8032
8034
8035
8037
8040
8044
8045
8049
8050
8051
8054
8055
8056
8057
8058
8059
8062
8065
8068
8069
8070
8071
8072
8073
8075
8078
8082
8083
8085
8086
8090
8092
8094
8095
8096
8097
8099
8101
8102
8104
8107
8111
8113
8114
8116
8117
8121
8124
8128
8130
8131
8132
8133
8134
8136
8137
8138
8140
8142
8143
8144
8146
8148
8150
8151
8157
8158
8159
8161
8163
8164
8165
8167
8169
8171
8172
8173
8177
8178
8182
8183
8184
8185
8187
8188
8189
8190
8191
8192
8193
8194
8195
8201
8202
8203
8204
8208
8210
8212
8213
8214
8216
8218
8220
8221
8222
8223
8225
8226
8227
8228
8230
8231
8232
8233
8238
8239
8240
8242
8244
8245
8246
8249
8252
8256
8257
8259
8265
8266
8267
8268
8269
8270
8274
8275
8279
8285
8288
8292
8293
8294
8295
8296
8297
8299
8300
8302
8304
8305
8307
8308
8310
8312
8314
8317
8320
8322
8323
8324
8328
8329
8330
8331
8333
8337
8338
8339
8342
8347
8348
8351
8355
8357
8358
8361
8362
8364
8365
8366
8368
8371
8372
8373
8377
8378
8380
8382
8383
8389
8391
8393
8394
8395
8396
8397
8400
8405
8409
8412
8414
8417
8418
8419
8420
8421
8423
8428
8429
8431
8432
8435
8436
8437
8439
8440
8441
8442
8444
8446
8447
8448
8451
8452
8453
8454
8458
8461
8462
8463
8464
8466
8467
8469
8483
8485
8486
8490
8495
8497
8500
8501
8502
8505
8506
8508
8510
8512
8513
8514
8517
8519
8520
8522
8523
8525
8526
8527
8530
8532
8535
8536
8537
8538
8539
8540
8541
8544
8547
8548
8550
8552
8554
8556
8558
8560
8564
8568
8569
8570
8572
8573
8574
8575
8577
8581
8582
8584
8587
8589
8595
8602
8603
8605
8610
8611
8612
8614
8616
8625
8628
8634
8637
8641
8642
8645
8647
8648
8649
8650
8651
8652
8653
8654
8658
8659
8660
8664
8665
8666
8668
8669
8671
8672
8674
8676
8680
8681
8682
8684
8685
8686
8687
8688
8694
8698
8700
8704
8705
8706
8708
8710
8713
8717
8718
8719
8720
8722
8723
8725
8726
8727
8728
8729
8731
8732
8733
8735
8736
8741
8744
8745
8746
8747
8749
8752
8753
8756
8759
8765
8767
8770
8774
8775
8776
8777
8780
8783
8784
8791
8792
8799
8800
8801
8806
8812
8814
8815
8816
8817
8819
8821
8822
8824
8826
8827
8828
8830
8831
8833
8837
8844
8847
8849
8851
8852
8853
8854
8857
8858
8860
8861
8862
8863
8869
8870
8873
8874
8875
8877
8878
8880
8883
8885
8887
8888
8890
8893
8897
8898
8903
8904
8905
8911
8912
8915
8917
8918
8924
8925
8926
8927
8928
8929
8930
8932
8933
8936
8937
8938
8939
8941
8943
8947
8948
8949
8950
8951
8952
8953
8954
8955
8956
8957
8958
8959
8960
8961
8964
8969
8970
8974
8975
8976
8977
8979
8980
8981
8984
8987
8989
8990
8992
8993
8994
8996
9003
9004
9006
9007
9008
9009
9014
9015
9019
9020
9022
9023
9026
9027
9029
9032
9034
9036
9037
9038
9041
9042
9043
9044
9045
9048
9050
9054
9055
9056
9057
9060
9061
9064
9065
9066
9067
9068
9069
9070
9074
9075
9076
9078
9080
9082
9086
9090
9096
9099
9105
9106
9107
9109
9110
9116
9117
9120
9123
9124
9125
9126
9127
9129
9130
9131
9133
9134
9140
9141
9142
9143
9144
9145
9146
9147
9148
9150
9151
9152
9153
9154
9155
9156
9157
9159
9160
9164
9165
9166
9169
9170
9174
9178
9179
9180
9183
9188
9190
9191
9200
9206
9207
9208
9209
9210
9211
9212
9214
9216
9220
9223
9225
9228
9231
9234
9236
9239
9241
9244
9245
9247
9248
9249
9251
9252
9253
9254
9256
9260
9261
9264
9268
9272
9274
9277
9286
9287
9288
9289
9290
9291
9292
9296
9299
9302
9305
9306
9310
9316
9317
9319
9324
9325
9326
9331
9332
9334
9336
9342
9344
9345
9348
9349
9350
9351
9352
9353
9354
9356
9357
9358
9359
9362
9364
9365
9366
9369
9370
9371
9373
9375
9376
9380
9384
9386
9387
9388
9390
9392
9394
9395
9400
9402
9403
9405
9406
9407
9409
9412
9416
9417
9419
9420
9421
9423
9424
9426
9427
9428
9433
9436
9438
9439
9442
9443
9444
9445
9446
9448
9449
9454
9455
9457
9458
9460
9469
9473
9474
9477
9479
9481
9482
9486
9487
9488
9489
9492
9493
9494
9497
9499
9500
9502
9504
9505
9507
9512
9513
9518
9519
9521
9522
9523
9526
9530
9531
9532
9534
9535
9539
9541
9546
9548
9558
9559
9560
9563
9564
9566
9567
9569
9571
9577
9578
9579
9583
9586
9587
9588
9593
9594
9595
9596
9598
9599
9600
9602
9606
9608
9609
9610
9611
9612
9613
9614
9615
9616
9617
9618
9619
9624
9626
9628
9631
9632
9637
9638
9640
9641
9642
9646
9649
9654
9655
9658
9660
9661
9662
9666
9667
9670
9673
9674
9676
9678
9681
9687
9688
9689
9690
9691
9692
9694
9695
9696
9697
9699
9700
9701
9702
9708
9715
9716
9717
9719
9721
9722
9723
9724
9727
9729
9730
9732
9733
9735
9738
9739
9742
9744
9745
9748
9753
9755
9759
9763
9764
9770
9772
9773
9775
9776
9777
9778
9780
9781
9784
9786
9787
9788
9791
9794
9796
9797
9799
9803
9805
9806
9808
9810
9811
9812
9813
9814
9817
9822
9823
9825
9827
9828
9830
9832
9834
9836
9838
9841
9842
9845
9847
9848
9849
9850
9852
9854
9857
9858
9864
9866
9868
9869
9870
9871
9877
9878
9880
9884
9885
9887
9888
9890
9891
9893
9894
9895
9902
9904
9905
9906
9908
9909
9910
9912
9914
9915
9916
9919
9922
9923
9924
9927
9929
9931
9932
9933
9936
9938
9942
9943
9947
9948
9951
9953
9957
9961
9962
9965
9966
9968
9974
9978
9984
9988
9989
9990
9993
9994
9995
9996
9999
